nCa <-
25
s <-
structure(c(2, 7, 13, 12, 3, 6, 21, 9, 5, 13, 3, 4, 0, 20, 0, 
11, 1, 7, 0, 0, 1, 1, 2, 2, 0, 1, 86, 34, 14, 2, 7, 35, 28, 4, 
12, 12, 2, 0, 3, 0, 14, 3, 5, 1, 0, 11, 3, 3, 3, 1, 3, 47, 58, 
16, 1, 9, 107, 33, 27, 18, 7, 5, 0, 17, 0, 9, 13, 7, 3, 0, 32, 
4, 13, 6, 1, 2, 20, 61, 48, 12, 20, 138, 28, 18, 70, 25, 6, 0, 
4, 6, 0, 1, 1, 8, 8, 40, 12, 11, 5, 13), dim = c(25L, 4L))
S <-
structure(c(6, 265, 30, 19, 61, 6, 96, 33, 10, 21, 95, 10, 11, 
120, 2, 17, 4, 12, 2, 2, 8, 6, 11, 2, 0, 11, 181, 40, 17, 9, 
10, 44, 48, 5, 20, 243, 2, 1, 10, 2, 16, 4, 5, 3, 0, 17, 6, 3, 
5, 1, 4, 55, 66, 19, 7, 9, 118, 46, 31, 21, 50, 10, 1, 23, 3, 
14, 13, 7, 4, 0, 34, 5, 18, 6, 2, 2, 22, 64, 50, 22, 20, 145, 
46, 19, 73, 30, 7, 1, 4, 6, 0, 1, 1, 8, 8, 40, 12, 18, 6, 13), dim = c(25L, 
4L))
z <-
structure(c(1, 1, 1, 1, 1, 1, 1, 1, 1, 1, 1, 1, 1, 1, 1, 1, 1, 
1, 1, 1, 1, 1, 1, 1, 1, 1, 1, 1, 1, 1, 1, 1, 1, 1, 1, 1, 1, 1, 
1, 1, 1, 1, 1, 1, 1, 1, 1, 1, 1, 1, 1, 1, 1, 1, 1, 1, 1, 1, 1, 
1, 1, 1, 1, 1, 1, 1, 1, 1, 1, 1, 1, 1, 1, 1, 1, 1, 1, 1, 1, 1, 
1, 1, 1, 1, 1, 1, 1, 1, 1, 1, 1, 1, 1, 1, 1, 1, 1, 1, 1, 1), dim = c(25L, 
4L))
aMix <-
c(1, 1, 1, 1, 1, 1, 1, 1, 1, 1, 1, 1, 1, 1, 1, 1, 1, 1, 1, 1, 
1, 1)
bMix <-
c(1, 1, 1, 1, 1, 1, 1, 1, 1, 1, 1, 1, 1, 1, 1, 1, 1, 1, 1, 1, 
1, 1)
vec1 <-
c(1, 2, 3, 4, 5, 6, 7, 8, 9, 10, 11, 12, 13, 14, 15, 16, 17, 
18, 19, 20, 21, 22)
vecn <-
c(23, 24, 25)
stcm <-
c(1, 2, 3, 4)
nm <-
4
stcv <-
c(1, 2, 3, 4)
nv <-
4
