list(nCa=2.50000E+01, s= structure(.Data= c(2.00000E+00, 1.00000E+00, 3.00000E+00, 2.00000E+00, 7.00000E+00, 8.60000E+01, 4.70000E+01, 2.00000E+01, 1.30000E+01, 3.40000E+01, 5.80000E+01, 6.10000E+01, 1.20000E+01, 1.40000E+01, 1.60000E+01, 4.80000E+01, 3.00000E+00, 2.00000E+00, 1.00000E+00, 1.20000E+01, 6.00000E+00, 7.00000E+00, 9.00000E+00, 2.00000E+01, 2.10000E+01, 3.50000E+01, 1.07000E+02, 1.38000E+02, 9.00000E+00, 2.80000E+01, 3.30000E+01, 2.80000E+01, 5.00000E+00, 4.00000E+00, 2.70000E+01, 1.80000E+01, 1.30000E+01, 1.20000E+01, 1.80000E+01, 7.00000E+01, 3.00000E+00, 1.20000E+01, 7.00000E+00, 2.50000E+01, 4.00000E+00, 2.00000E+00, 5.00000E+00, 6.00000E+00, 0.00000E+00, 0.00000E+00, 0.00000E+00, 0.00000E+00, 2.00000E+01, 3.00000E+00, 1.70000E+01, 4.00000E+00, 0.00000E+00, 0.00000E+00, 0.00000E+00, 6.00000E+00, 1.10000E+01, 1.40000E+01, 9.00000E+00, 0.00000E+00, 1.00000E+00, 3.00000E+00, 1.30000E+01, 1.00000E+00, 7.00000E+00, 5.00000E+00, 7.00000E+00, 1.00000E+00, 0.00000E+00, 1.00000E+00, 3.00000E+00, 8.00000E+00, 0.00000E+00, 0.00000E+00, 0.00000E+00, 8.00000E+00, 1.00000E+00, 1.10000E+01, 3.20000E+01, 4.00000E+01, 1.00000E+00, 3.00000E+00, 4.00000E+00, 1.20000E+01, 2.00000E+00, 3.00000E+00, 1.30000E+01, 1.10000E+01, 2.00000E+00, 3.00000E+00, 6.00000E+00, 5.00000E+00, 0.00000E+00, 1.00000E+00, 1.00000E+00, 1.30000E+01), .Dim=c(25, 4)), S= structure(.Data= c(6.00000E+00, 1.10000E+01, 4.00000E+00, 2.00000E+00, 2.65000E+02, 1.81000E+02, 5.50000E+01, 2.20000E+01, 3.00000E+01, 4.00000E+01, 6.60000E+01, 6.40000E+01, 1.90000E+01, 1.70000E+01, 1.90000E+01, 5.00000E+01, 6.10000E+01, 9.00000E+00, 7.00000E+00, 2.20000E+01, 6.00000E+00, 1.00000E+01, 9.00000E+00, 2.00000E+01, 9.60000E+01, 4.40000E+01, 1.18000E+02, 1.45000E+02, 3.30000E+01, 4.80000E+01, 4.60000E+01, 4.60000E+01, 1.00000E+01, 5.00000E+00, 3.10000E+01, 1.90000E+01, 2.10000E+01, 2.00000E+01, 2.10000E+01, 7.30000E+01, 9.50000E+01, 2.43000E+02, 5.00000E+01, 3.00000E+01, 1.00000E+01, 2.00000E+00, 1.00000E+01, 7.00000E+00, 1.10000E+01, 1.00000E+00, 1.00000E+00, 1.00000E+00, 1.20000E+02, 1.00000E+01, 2.30000E+01, 4.00000E+00, 2.00000E+00, 2.00000E+00, 3.00000E+00, 6.00000E+00, 1.70000E+01, 1.60000E+01, 1.40000E+01, 0.00000E+00, 4.00000E+00, 4.00000E+00, 1.30000E+01, 1.00000E+00, 1.20000E+01, 5.00000E+00, 7.00000E+00, 1.00000E+00, 2.00000E+00, 3.00000E+00, 4.00000E+00, 8.00000E+00, 2.00000E+00, 0.00000E+00, 0.00000E+00, 8.00000E+00, 8.00000E+00, 1.70000E+01, 3.40000E+01, 4.00000E+01, 6.00000E+00, 6.00000E+00, 5.00000E+00, 1.20000E+01, 1.10000E+01, 3.00000E+00, 1.80000E+01, 1.80000E+01, 2.00000E+00, 5.00000E+00, 6.00000E+00, 6.00000E+00, 0.00000E+00, 1.00000E+00, 2.00000E+00, 1.30000E+01), .Dim=c(25, 4)), z= structure(.Data= c(1.00000E+00, 1.00000E+00, 1.00000E+00, 1.00000E+00, 1.00000E+00, 1.00000E+00, 1.00000E+00, 1.00000E+00, 1.00000E+00, 1.00000E+00, 1.00000E+00, 1.00000E+00, 1.00000E+00, 1.00000E+00, 1.00000E+00, 1.00000E+00, 1.00000E+00, 1.00000E+00, 1.00000E+00, 1.00000E+00, 1.00000E+00, 1.00000E+00, 1.00000E+00, 1.00000E+00, 1.00000E+00, 1.00000E+00, 1.00000E+00, 1.00000E+00, 1.00000E+00, 1.00000E+00, 1.00000E+00, 1.00000E+00, 1.00000E+00, 1.00000E+00, 1.00000E+00, 1.00000E+00, 1.00000E+00, 1.00000E+00, 1.00000E+00, 1.00000E+00, 1.00000E+00, 1.00000E+00, 1.00000E+00, 1.00000E+00, 1.00000E+00, 1.00000E+00, 1.00000E+00, 1.00000E+00, 1.00000E+00, 1.00000E+00, 1.00000E+00, 1.00000E+00, 1.00000E+00, 1.00000E+00, 1.00000E+00, 1.00000E+00, 1.00000E+00, 1.00000E+00, 1.00000E+00, 1.00000E+00, 1.00000E+00, 1.00000E+00, 1.00000E+00, 1.00000E+00, 1.00000E+00, 1.00000E+00, 1.00000E+00, 1.00000E+00, 1.00000E+00, 1.00000E+00, 1.00000E+00, 1.00000E+00, 1.00000E+00, 1.00000E+00, 1.00000E+00, 1.00000E+00, 1.00000E+00, 1.00000E+00, 1.00000E+00, 1.00000E+00, 1.00000E+00, 1.00000E+00, 1.00000E+00, 1.00000E+00, 1.00000E+00, 1.00000E+00, 1.00000E+00, 1.00000E+00, 1.00000E+00, 1.00000E+00, 1.00000E+00, 1.00000E+00, 1.00000E+00, 1.00000E+00, 1.00000E+00, 1.00000E+00, 1.00000E+00, 1.00000E+00, 1.00000E+00, 1.00000E+00), .Dim=c(25, 4)), vec1=c(1.00000E+00, 2.00000E+00, 3.00000E+00, 4.00000E+00, 5.00000E+00, 6.00000E+00, 7.00000E+00, 8.00000E+00, 9.00000E+00, 1.00000E+01, 1.40000E+01, 1.50000E+01, 1.70000E+01, 1.80000E+01, 1.90000E+01, 2.10000E+01, 2.20000E+01), vecn=c(1.10000E+01, 1.20000E+01, 1.30000E+01, 1.60000E+01, 2.00000E+01, 2.30000E+01, 2.40000E+01, 2.50000E+01), D=c(2.00000E+00, 3.00000E+00, 3.00000E+00, 4.00000E+00, 3.00000E+00, 1.00000E+00, 1.00000E+00, 4.00000E+00, 2.00000E+00, 1.00000E+00,     NA,     NA,     NA, 3.00000E+00, 3.00000E+00,     NA, 3.00000E+00, 2.00000E+00, 1.00000E+00,     NA, 1.00000E+00, 1.00000E+00,     NA,     NA,     NA), ncl=4.00000E+00)
